1177   -0.07104695437686603   714   -0.5247356310819488   -0.47108360697671936   865.0711897977872
1177   -0.07470154022031644   714   -0.46844530694974007   0.42992715707960216   -2470.771832077909
1177   -0.073443608730792   714   -0.4016084195288995   0.1178363530570451   -1192.0401653012973
1177   -0.002977813424249692   714   -0.5648590936055918   0.28881115186451634   -1905.9123348210696
1177   -0.07646260578995963   714   -0.5706662150827214   0.12031131700047458   -1449.921730063486
1177   -0.06808287961706852   714   -0.5846907506190755   0.036344973993070614   -1132.662182144412
1177   -0.07349918265821791   714   -0.5803502354520862   0.16055875913066348   -1608.9904392351932
1177   -0.07166595610762978   714   -0.5405153642657438   0.26620478896045746   -1947.3441126972928
1177   -0.07646260578995963   714   -0.4981707993364332   0.31891102618636946   -2097.5023765188407
1177   -0.06928588880722285   714   -0.4600722247588401   0.30472721409371334   -1972.5604429102502
1177   -0.073443608730792   714   -0.4990084825089797   0.3062450374371517   -2043.6890995624153
1177   -0.07166595610762978   714   -0.4961023673320271   -0.5048291786523541   1032.128112435708
1177   -0.07640670561645528   714   -0.5706578494960795   -0.5875027590119336   1227.1746404815958
1177   -0.07470154022031644   714   -0.5542448237080795   -0.5123403583822099   970.3622014677553
1177   -0.06808287961706852   714   -0.5730379753515102   -0.04277534905951981   -816.788957277432
1177   -0.008420977910944205   714   -0.5738616432389654   0.2540142583994887   -1799.9793338144714
1177   -0.002977813424249692   714   -0.5783845733684785   -0.5058818264460787   1080.3021240481985
1177   -0.07166595610762978   714   -0.5714700179817713   -0.5214628024326842   987.4114724450817
1177   -0.07646260578995961   714   -0.543121232794986   0.13824595274038043   -1478.4162877249237
1177   -0.07104695437686603   714   -0.5689612928333412   0.18800531451144786   -1690.7573562514497
1177   -0.008420977910944205   714   -0.6015486353522248   0.11931526555075093   -1330.0847675982795
1177   -0.07575801464906666   714   -0.5640746434052002   0.2397133919295567   -1890.4290055441124
1177   -0.073443608730792   714   -0.5443155168235896   -0.5112033995523761   983.2024441307163
1177   -0.07104695437686603   714   -0.5135799184263028   -0.5423004732450085   1150.3437356967195
1177   -0.06928588880722285   714   -0.45801852275044336   -0.46458079704158095   939.8951416714235
1177   -0.06928588880722285   714   -0.5299557043536112   -0.5233782160224011   1059.5406849275616
1177   -0.07349918265821791   714   -0.5232993666642554   0.20768105273759657   -1705.7383130275919
1177   -0.07104695437686603   714   -0.5096779061432426   0.20970550868919757   -1688.1708144382383
1177   -0.07646260578995963   714   -0.5181780879597688   0.051743982798880914   -1115.6470265814824
1177   -0.008420977910944205   714   -0.4116884149087818   -0.032268797433458174   -485.67344659876414
1177   -0.07575801464906666   714   -0.46334883482596484   0.0004901654533075901   -841.8503083597901
1177   -0.008420977910944205   714   -0.5608703008357923   0.12103399109790229   -1278.4963259281403
1177   -0.07575801464906666   714   -0.5970494070005716   0.08135268296476937   -1338.596766653477
1177   -0.07575801464906666   714   -0.582300012615378   -0.008251394993173854   -978.6520086344792
1177   -0.073443608730792   714   -0.5573093937558012   -0.0723924495627276   -694.9358249893328
1177   -0.0704801855990503   714   -0.5314583175440172   0.24387313519183623   -1847.1610316485458
1177   -0.002977813424249692   714   -0.5360791161940106   0.3598777491893588   -2133.588398159886
1177   -0.07470154022031643   714   -0.43436266633522547   0.020524474260880474   -873.7408748599768
1177   -0.008420977910944205   714   -0.45161240374184153   0.5229806267129449   -2642.63822477407
1177   -0.005443792278064928   714   -0.5101655605130859   0.1403756240451733   -1272.2317175740968
1177   -0.002977813424249692   714   -0.48789695684522566   -0.4116412817020701   853.100700221563
1177   -0.07575801464906665   714   -0.5093654486582889   0.04908563397129849   -1091.3500948473902
1177   -0.07349918265821791   714   -0.45570007407429924   0.33595923415423046   -2094.3546053268437
1177   -0.07646260578995963   714   -0.5220745144100654   0.13792891275336955   -1447.1625286403819
1177   -0.01315829406953907   714   -0.5490008412524718   0.129527651605029   -1304.8214039184445
1177   -0.07646260578995963   714   -0.5134333726579926   0.12716906500100056   -1394.1292340189625
1177   -0.07470154022031643   714   -0.5763518306706243   0.009431869994795866   -1034.5491721965943
1177   -0.07349918265821791   714   -0.47243551131327155   0.28122054020052456   -1911.2310691711805
1177   -0.008420977910944205   714   -0.5121729764555357   0.2248723052648138   -1601.6730508923933
1177   -0.07825707141056505   714   -0.468745806307474   0.004385257728064029   -870.1712022350812
1177   -0.07575801464906665   714   -0.5488195734555598   -0.5965937150589261   1294.2687129744163
1177   -0.0704801855990503   714   -0.585262140370042   0.13158515476485966   -1499.3197486692836
1177   -0.07349918265821791   714   -0.5532938012102925   0.2144789199247514   -1774.2798992611524
1177   -0.002977813424249692   714   -0.5619585153110394   0.07128666685918317   -1079.0927067262787
1177   -0.07104695437686603   714   -0.5026213253246782   0.38247812292625605   -2331.5200440738836
1177   -0.007716386770051236   714   -0.5432160905593743   0.22952695426891045   -1661.9478928205062
1177   -0.07470154022031643   714   -0.5422936264761891   -0.5056906607983171   962.2793548526126
1177   -0.07166595610762978   714   -0.5343201675768312   -0.0003000464857582652   -930.5760841679377
1177   -0.008420977910944205   714   -0.5052620051609422   0.4088453499421191   -2287.5902388532822
1177   -0.07575801464906665   714   -0.5452824801817228   -0.07392908894883762   -677.3979337788992
1177   -0.06808287961706852   714   -0.597975456071754   0.1225688661599886   -1477.731501706121
1177   -0.005443792278064928   714   -0.5837503584164809   -0.5374010906510173   1186.0407260008478
1177   -0.07349918265821792   714   -0.5247767987268952   0.3115156572208001   -2100.550560168517
1177   -0.0704801855990503   714   -0.5681605303966717   0.1617078661621787   -1588.8227441319714
1177   -0.07349918265821792   714   -0.5965062291539419   0.029042167145166636   -1134.6654473522942
1177   -0.07470154022031644   714   -0.5906813931596867   -0.5472012640032065   1050.1747253494693
1177   -0.07166595610762978   714   -0.5674996218184925   0.15221807181839847   -1554.7798682513508
1177   -0.07470154022031644   714   -0.5570352696201644   -0.02482421989887812   -877.4085910386627
1177   -0.073443608730792   714   -0.5605182881341003   -0.007261716130338491   -945.8425600028395
1177   -0.073443608730792   714   -0.587542549430206   -0.5699078051818147   1143.4943036590048
1177   -0.073443608730792   714   -0.5760741212555818   -0.001695596463954091   -989.1073542785808
1177   -0.002977813424249692   714   -0.5447739377233596   0.34357170040687257   -2084.3351268084334
1177   -0.07575801464906665   714   -0.5127434331583541   -0.4776603024324874   895.9792747656347
1177   -0.008420977910944205   714   -0.5452308247556357   0.23653765509311347   -1692.9980113155657
1177   -0.07104695437686603   714   -0.5088180238472029   -0.5005230621297443   999.1415523177446
1177   -0.07104695437686603   714   -0.5833142206634748   -0.5755613831141557   1176.5559132271521
1177   -0.07349918265821791   714   -0.5781232411739632   0.18078943079916915   -1682.3226916563221
1177   -0.002977813424249692   714   -0.5846866738832056   0.02536252064448884   -937.8633961833582
1177   -0.07646260578995963   714   -0.5834418244069443   -0.5499891044395457   1066.9108937076803
1177   -0.007716386770051236   714   -0.5865321140298037   -0.5776600126270977   1328.9779344644232
1177   -0.07166595610762978   714   -0.49960826812212034   0.27894948397735764   -1937.1292159581149
1177   -0.073443608730792   714   -0.6038038938531993   -0.5829713580889699   1169.679460917831
1177   -0.005443792278064928   714   -0.5708699956650597   -0.5453066233343528   1234.332608618252
1177   -0.07349918265821791   714   -0.561672830291255   0.24815911556595582   -1913.6236527038022
1177   -0.07349918265821791   714   -0.5664306871019896   0.08700109916563674   -1310.9182542035244
1177   -0.008420977910944205   714   -0.5944195183199159   -0.5556320117688245   1232.7462143464918
1177   -0.07349918265821792   714   -0.5806622743867967   -0.5614307982687212   1121.128475250513
1177   -0.002977813424249692   714   -0.597089416407325   0.14680680768458865   -1414.876806093458
1177   -0.007716386770051236   714   -0.5764847507342841   0.130785111282736   -1336.0138893765657
1177   -0.07646260578995963   714   -0.5563600437475092   -0.5526057353970042   1115.4797747704617
1177   -0.06928588880722285   714   -0.5373120855584537   -0.029941497299531578   -817.1418976428461
1177   -0.073443608730792   714   -0.5455868979069565   0.11846085020254737   -1400.0032806294523
1177   -0.07646260578995963   714   -0.5795188277512637   0.03975668176996436   -1157.9056305123747
1177   -0.06928588880722285   714   -0.5603404698387145   0.2403842494241168   -1872.3984045038965
1177   -0.07104695437686603   714   -0.5608149472350569   0.12845887695494174   -1453.9197478983936
1177   -0.002977813424249692   714   -0.5091088230278625   0.043023520451136193   -896.7321264306686
